81.
81.
81.
81.
81.
81.
81.
81.
81.
81.
65.
65.
62.
60.
60.
60.
60.
62.
62.
60.
60.
62.
64.
65.
69.
71.
81.
71.
69.
67.
65.
65.
64.
62.
62.
60.
60.
60.
62.
81.
81.
81.
81.
81.
81.
arrêt.
69.
69.
69.
69.
69.
69.
69.
69.
69.
69.
69.
69.
69.
69.
69.
65.
64.
65.
62.
62.
60.
60.
60.
60.
62.
62.
62.
60.
60.
60.
60.
60.
60.
60.
60.
62.
60.
60.
60.
62.
60.
60.
60.
62.
62.
60.
60.
60.
62.
62.
60.
60.
60.
62.
62.
60.
60.
81.
62.
62.
60.
60.
62.
62.
60.
62.
64.
62.
60.
60.
60.
62.
62.
60.
60.
60.
60.
60.
60.
60.
60.
60.
69.
69.
62.
60.
60.
60.
62.
60.
60.
60.
62.
60.
60.
62.
60.
60.
60.
60.
60.
60.
60.
60.
60.
60.
60.
60.
60.
60.
60.
60.
62.
60.
60.
60.
62.
62.
60.
60.
60.
62.
62.
60.
60.
60.
60.
62.
62.
60.
60.
60.
60.
60.
60.
62.
62.
60.
60.
60.
62.
62.
60.
60.
60.
62.
62.
62.
60.
60.
62.
64.
81.
69.
69.
69.
69.
69.
69.
69.
69.
69.
69.
62.
60.
60.
62.
64.
69.
69.
69.
69.
69.
69.
69.
69.
69.
69.
69.
69.
69.
69.
69.
69.
69.
69.
69.
69.
69.
69.
69.
69.
69.
69.
69.
69.
69.
69.
69.
69.
69.
69.
69.
69.
69.
69.
69.
69.
69.
69.
69.
69.
69.
69.
69.
69.
69.
69.
69.
69.
69.
69.
69.
69.
69.
69.
69.
69.
69.
69.
69.
69.
69.
69.
69.
69.
69.
69.
69.
69.
69.
69.
69.
69.
69.
69.
69.
69.
69.
69.
69.
69.
69.
69.
69.
69.
69.
69.
69.
69.
69.
69.
69.
69.
69.
69.
69.
69.
69.
69.
69.
69.
69.
69.
69.
69.
69.
69.
69.
69.
69.
69.
69.
69.
69.
69.
69.
69.
69.
69.
69.
69.
69.
69.
69.
69.
69.
69.
69.
69.
69.
69.
69.
69.
69.
69.
69.
69.
69.
69.
69.
69.
69.
69.
69.
69.
69.
69.
69.
69.
69.
69.
64.
64.
65.
65.
64.
64.
62.
64.
65.
64.
64.
64.
64.
62.
62.
62.
62.
60.
60.
60.
62.
64.
65.
64.
62.
60.
60.
62.
64.
64.
65.
64.
64.
62.
62.
60.
60.
62.
64.
65.
65.
64.
62.
62.
60.
60.
62.
62.
64.
64.
64.
62.
62.
60.
60.
62.
64.
64.
65.
64.
62.
62.
62.
60.
62.
64.
64.
64.
65.
65.
69.
69.
69.
69.
69.
69.
69.
69.
69.
69.
69.
69.
69.
69.
69.
69.
69.
69.
69.
69.
69.
69.
69.
69.
69.
69.
69.
69.
69.
69.
69.
69.
69.
69.
69.
69.
69.
69.
69.
69.
69.
69.
69.
69.
69.
69.
69.
69.
69.
69.
69.
69.
69.
69.
69.
69.
69.
69.
69.
